89399
3656
5
77292
21
3494
1
326825
362
51213
415651
65
595
45
8118
63857
796545
6
564
95
199864
1732
33476
38163
81
2
4765
53593
1289
698
975377
89681
41
155
12
71443
41627
74
3327167
9799
373
483
581
849
391645
794
1226
61
4216
7
3592818
359
18347
11544
26634
281
73325
56991849
35
87
41
11
5521
4319
161
5573237
71841
8377932
4
95456
19831
7385
15149727
33843
353923
7898
716
148473
849
45125
1888
296
8
423
21
594
2844
227
6331683
6685
724
418111
62962
663141
18
462
5582596
11853831
71137
45495
4322
464
3828464
71976
91128
28
8
5677123
5434
24563
1
475439
27733
78
24
94
896
59
7773
8381
95345
563536
6164
3945
994172
481
75
534426
8799
416
687
5
3599825
86146
482
51836
9866
4
25
66392
4981
135
6554
5831
187191
56
8426
269
345
821
38
12299
86192575
958615
412872
47265
568129
6822518
933997
616554
6252521
438624
25419
645245
88
88
7845
389
762824
88923
243761
44
3515
16295
361
5491
86873
59
92371
6234
31
921
2165428
27856
5
12857
84
14988896
3982
281551
9
685825
9149
88377
7124927
346475
6482
6752
586
653
6272
211
4134
817458
8443
9154
867
39517
8933
423
4287766
4152
993
182
958
5739239
12215
4672281
845543
8358283
4866221
532
416756
56548
3651468
38319268
4331
1795
448
65651
8699
6634
4896
91
1158528
34
293
9447
622979
61
12
342
4139621
722519
19
46
47126
56
982
29542465
642
84488
4554
893629
751
863
31
21536
583124
5399
3563
651
49718618
1182
69868
882571
2
769342
4275316
8363463
83
619
365
823
763
988
323
8264
29755
342
794
13467
7
3291
572374
117
173
79392
777118
689394
62
3668836
3828
181988
39841
1673
44366
936
74
6771
897
7843
3461
22
633571
796225
551
2348413
666995
3945
392465
156679
81519
3516
88
6477
3
31717
841
47188
137682
895
338
15639
48324
55
918
3363
11879382
1982
213
8113544
385
218288
48
868
6596
13
457
949
3735
413
3387778
69
95277
8
597
52
22225
748486
9
8218469
83176
82632311
823
53323
1129
592
2782969
743156
133
431
692
6134186
2855
18187
2145
5917276
6148
29
7864
9736
5557
95829
7559
786111
331833
84587534
7453
15227
5721871
62958
4
826
739256
185441
95
56
2522
3
63966
8993348
52949
916161
769
18
21477
94397
43767
141
34
77329
47918
351
7
583
65
2876
6162
147
52488
6
47572184
1886
991523
6361
88995
8687
9812
94981
932
22
772
155742
14
85282
825658
395136
5715
97487
193895
2869587
849
639621
948
233572
32749
161
5552
2171677
9
577941
9259
6812
6
8
32692
4884
68861
624
13886
84
2693
7982
325
77
25
1
213266818
34649
144496
2661
2117258
31
6221
92337
5
66455
863
5213
416
81772
28123394
7146
1
577
49365
36489
7967
422495
7944
328
1357
7221
24163
43
38631
2381
38
46273
9913
4431
465
15
151487
5628194
3864
816
67323
742
97191
27
48
21992
21942
4193
1
52
761285
569
58
1177
69539
683
5
3
15
4725
54185
712
374783
444
248827
9
891
9917
21891
965
68
2582
5
43349518
6
573839
596285
912
174
6139343
69546
39949
2299
4196834
654
21734
834553
88937
481
6321
228
7917721
59
523
5273648
85
8285
598174
131
235
7
17498
9348966
85
944857
479546
48
9374
3686
277
47
92946
273961
8919
5
766
595161
144255
5746944
3
9465885
374743
39221
8472
614864
477
78913
65118
38164
3559
6137
877
4188
249721
59
6474
3123
2917
9315
62336
12522
567
32
68648
746958
823757272
854
97841
37899
3432
2164
383
1322532
1868
381
19
1543
8262
8429928
33111
2985
431381
515989
212
8845793
2
56312
9182
46
725
3961
23
5
98
357822
873
7792
7
1819773
438
289949
34
1841621
68794
8
774
3916
387
918
82348
67
261
299
495854
24947
865698
8497
9332
4538133
55878
4931
72985246
99
94674
124
683
5338
37592
619
4184
75527
34342
2563
764424
922
683889
18454579
61362864
7645432
48
64248
127
87165
65
1139
19
59688
79
3289
34
338
95371
2
5689418
86
23149
86822
152767
4124
81746
9294
33
4821
762499
621883
19
119
77955
4399
3
2581
129612
51284
238
52765
7949
7713
14
4
64847
252
42666
44
712
83255
2366335
2844295818
2375
21156
18591
972349
5
998749
864479
6573781
739
553
1665243
3625
43
15566
63657
125619
94
52694
8745
4742
41
3539
6639221
23266
64
47
8643
6665
15362
89428
314
312
58475
192
936
13
27612
15
54533
6772
723
242
219
43
4693396
61197
8267
2726
67
34
16684
7967
78122
2161
585
71893
796345
59
2696
91274145
94
4434587
5975
79238868
56267
99
754582
63944
43847
9371
7276519
85176
9594
1
827843
155
612791
196556
15938
231
4
735174
531
4548
42
4261
6328
512223
36175
65114473
9
9367
9275
26487133
31188
2711
1519
345
3
755875
41288
6536289
363
744
46484
776518
826494775
386
66831
721
874
1231
162448
365191
4387
911342
215917
79626
24812
593
72423
7628
8629
581
89
332651
44
182
3273
66616361
3215
818
9475
467625
258
2657
9323475
1529
69835
6
42244
816
4422
6755
4488
58
568616
28295
84387
1359
6498
6577
9866
13399
63
4679
66
5369
649576
65
97
52416
8862
96
473
969
728
46
748
974
2545
14
864
7241
21142429
29152
3277
4
2696
2187633
65
4646266
341386
4912166
68466
19367
37624
337429
3
31572
66186
98113
2943
36
5586
7287
4
87775
341
12
5134993
92
588888
97
26
4942
57
983
34
81673
3361
24772
97
9499
42241
53626
8266
6611694
325886
751
257
56476
3357
583418
37685137
266513
366683
914
29
79448
694176
38388387
257
74815
117
6
5673
145
261
68398
3712
9123
66721
425
346775
7
77121
251
95894118
568637
496681
64
15148
356
7818
456331
258
942
4
67183
2
4878473
7692
81931718
93
186
816
199
218774
8
583
42
935
5642
2
